0 
0 
0 
0 
0 
0 
0 
0 
0 
0 
0 
0 
0 
0 
0 
0 
0 
0 
0 
0 
0 
0 
0 
0 
0 
0 
0 
0 
0 
0 
0 
0 
0 
0 
0 
0 
0 
0 
0 
0 
0 
0 
0 
0 
0 
0 
0 
0 
0 
0 
0 
0 
0 
0 
0 
0 
0 
0 
0 
0 
0 
0 
2 
3 
4 
5 
0 
0 
0 
0 
0 
0 
0 
0 
0 
0 
0 
0 
0 
0 
0 
0 
0 
0 
0 
0 
0 
0 
0 
0 
0 
0 
0 
0 
0 
0 
0 
0 
0 
0 
0 
0 
0 
0 
0 
0 
0 
0 
0 
0 
0 
0 
0 
0 
0 
0 
0 
0 
0 
0 
0 
0 
0 
0 
0 
0 
1865 
986 
-1018 
1407 
-1226 
-503 
-1051 
1046 
-1279 
-1247 
1254 
1495 
-1415 
-1425 
-588 
-1275 
-527 
-2032 
1663 
2006 
905 
-1524 
-1433 
-1644 
-1542 
1065 
213 
-1062 
547 
926 
1904 
828 
-905 
-1515 
-1518 
1275 
1886 
907 
-228 
1876 
-1151 
38 
475 
-877 
-417 
1819 
-251 
1050 
300 
-1670 
1388 
-1479 
1772 
26 
-1059 
-424 
-1731 
-478 
664 
-1193 
1629 
2000 
0 
0 
0 
0 
0 
0 
0 
0 
0 
0 
0 
0 
0 
0 
0 
0 
0 
0 
0 
0 
0 
0 
0 
0 
0 
0 
0 
0 
0 
0 
0 
0 
0 
0 
0 
0 
0 
0 
0 
0 
0 
0 
0 
0 
0 
0 
0 
0 
0 
0 
0 
0 
0 
0 
0 
0 
0 
0 
0 
0 
0 
0 
