0 
0 
0 
0 
0 
0 
0 
0 
0 
0 
0 
0 
0 
0 
0 
0 
0 
0 
0 
0 
0 
0 
0 
0 
0 
0 
0 
0 
0 
0 
0 
0 
0 
0 
0 
0 
0 
0 
0 
0 
0 
0 
0 
0 
0 
0 
0 
0 
0 
0 
0 
0 
0 
0 
0 
0 
0 
0 
0 
0 
0 
0 
2 
3 
4 
5 
0 
0 
0 
0 
0 
0 
0 
0 
0 
0 
0 
0 
0 
0 
0 
0 
0 
0 
0 
0 
0 
0 
0 
0 
0 
0 
0 
0 
0 
0 
0 
0 
0 
0 
0 
0 
0 
0 
0 
0 
0 
0 
0 
0 
0 
0 
0 
0 
0 
0 
0 
0 
0 
0 
0 
0 
0 
0 
0 
0 
714 
-1804 
-1633 
-690 
1810 
1636 
2046 
-191 
-379 
575 
-1966 
699 
-1939 
-30 
-741 
-524 
65 
-1949 
857 
-372 
-1969 
477 
-617 
-666 
-1500 
-915 
10 
1731 
1050 
1575 
-1568 
1045 
40 
207 
1634 
81 
2 
43 
-1052 
-1835 
1648 
-775 
45 
1071 
-2031 
2019 
1277 
-598 
1960 
-417 
1635 
-1621 
2000 
-1183 
-85 
899 
-1752 
-1824 
-140 
-960 
1020 
-554 
0 
0 
0 
0 
0 
0 
0 
0 
0 
0 
0 
0 
0 
0 
0 
0 
0 
0 
0 
0 
0 
0 
0 
0 
0 
0 
0 
0 
0 
0 
0 
0 
0 
0 
0 
0 
0 
0 
0 
0 
0 
0 
0 
0 
0 
0 
0 
0 
0 
0 
0 
0 
0 
0 
0 
0 
0 
0 
0 
0 
0 
0 
